2.8508 2.0694 1.4803 2.4707 2.4648 2.6861 2.1623 2.0851 1.3862 2.2329
2.0694 3.9427 2.7414 3.2465 2.6490 2.9583 2.4593 2.8736 2.0208 2.6076
1.4803 2.7414 2.3679 2.7499 2.0368 1.8621 2.1641 2.0609 1.5610 1.9490
2.4707 3.2465 2.7499 3.9198 2.7835 2.6289 3.0164 2.5781 1.8269 2.5944
2.4648 2.6490 2.0368 2.7835 3.4419 3.1777 2.1525 2.4299 1.4165 2.4473
2.6861 2.9583 1.8621 2.6289 3.1777 3.6009 2.0996 2.4811 1.6445 2.8884
2.1623 2.4593 2.1641 3.0164 2.1525 2.0996 2.8789 2.2900 1.7232 1.7566
2.0851 2.8736 2.0609 2.5781 2.4299 2.4811 2.2900 2.6521 1.5583 1.7260
1.3862 2.0208 1.5610 1.8269 1.4165 1.6445 1.7232 1.5583 1.5565 1.6554
2.2329 2.6076 1.9490 2.5944 2.4473 2.8884 1.7566 1.7260 1.6554 3.4646
